 

Τ110 00ον 1111000 11010 1100 110011 100100110οο 11100110
10 1110 900010011ν 011

Libram 01 1110 1111111110
Α10111νο0 01 0001100

111101
110
090

Τ110 1010900 000001109 11010 010 1110 11001 0110111γ
000011110 00001001109 1110 condition 000 1091111111γ
01 1110 01191001 00ον 000 10 11000109 with 1110
11101109 00011001 succinentium.

01191001 000100 10 0110100 00001 0ον010 010 11111100
1109100109 with 1110 11001 0ον01 000 000109 00
1110 1001 0090 with 0 0110100 01 1111101101οο 1100100-
0100. 01 1110 110011 11ον01 when 00010011010. Α11
011101 01191001 000100 010 1110100 1109100109 00 1110
11101 0090 with 0 0110100 01 111110110100 1100100-
0100, 000 000109 00 1110 1001 0090 with 0 0110100
01 111110110100 110010001011.

Τ110 1001 10001000 110100 00 00011 011010110110
011011 00010111 1110 ογ101101 —> (10000109 ''CON-
ΤΙΝυΕῠἽ, 01 1110 symbol V 1100011109 ”ΕΝΙ)”1,

νν111011ον01 0001100.

Μο00, 010100, 0110110, 010., may 110 1111000 01
011101001 1001101100 101100. ’111000 100 10190 10 110
0011101γ 1001110οο 10 000 0110001110 010 1111000
1109100109 10 1110 110001 1011 11000 001001, 1011 10
119111 000 100 10 11011010, 00 100ογ 1101000 00
10001100. The following 010910100 11111011010 1110
11101110οε

ata

111110,

ι’011010010110 1111116 1111 1001001111 01000 0 10
9606100116 de:

1.0 bibliotheque 000 Α10111νο0
0111111ουοο 011 0110000

tes 1010900 0111νο0100 001 616 1001001111οο 01100 10
01110 91000 0010, 0010010 101111 00 10 000011100 01
00 10 0011016 00 1’011010010110 1111116, 01 00

ammanite 01100 100 0000111000 011 00111101 00
10090.

1.οο 0110100101100 0119100011 00111 10 0011νο111110 011
000101 001 1100111060 0001 11111160 00 commoneant
001 10 01010101 0101 01 00 101111111οη1 0011 001 10
00101010 0090 0111 000100110 11110 0100101010
0’11001000100 011 0’1111101101100, 0011 001 10 000000
0101. 00100 10 000. ‘rous 100 0111100 0110100101100
0119100011 0001 1111060 00 commoneant 00110
0101111010 01190 0111 001000110 11110 0100101010
0’110010001011 011 0’1111101101100 01 00 1011010001 001
10 00101010 0090 0111 0011100110 11110 10110
0100101010.

un 000 symbolos 0111110010 0000101110 0111 10
00101010 110090 00 01100110 10101011οὴ0, 00100 10
00οε 10 symbolo —> 0191111Ιο ’Ά Skffiss'tff'¹ 10
ον1011010 V 01901110 ”ΡΙΝ”.

Les 001100, 010001100, 1001001111, 010., 0011νο01 0110
11111160 0 000 101111 00 1001101100 0111610010.
temque 10 0001111ιο111 001 1100 910110 00111 0110
1001001111 00 110 00111 0110116, 11 001 111106 0 001111
00 1’00910 0110611001 90110110, 00 90110110 0 010110,
01 00 110111 00 1100, 00 0100001 10 nombre
0’1100900 0000000110. 1.οο 0100101010οο 0111νο010
1110011001 10 1061110110.

 

